,prolific_id_NONE,prolific_id_robot,prolific_id_human,question_NONE,question_robot,question_human,score_NONE,score_robot,score_human,average_over_questions_NONE,average_over_questions_robot,average_over_questions_human
0,5cd168e9f651de0015a062d2,5b7c89c4db11320001c43c05,5c955419bd4bd9001995fa47,q1,q1,q1,5.0,6.0,5.0,5.0,5.875,4.375
1,5ce16d99dd4e16001971d693,5c5d09991bca630001ea7cb5,5cf91e3f1756e60017a30568,q1,q1,q1,6.0,5.0,3.0,6.0,4.0,4.625
2,5c486433929dc500011c908a,5d7d75f4ea2fe40001dff5a4,591a1f4800a5650001276188,q1,q1,q1,5.0,5.0,4.0,5.25,5.25,4.0
3,59ba957d3a9ab60001118fc2,5c56550e54f9d30001db7f50,5c4a45dda8c31a000141a752,q1,q1,q1,3.0,4.0,2.0,2.5,4.5,3.25
4,5d6bbd83a9d20a0001de4c75,598c282ccceb0f0001b39660,5c314de6d5fc960001d2cb93,q1,q1,q1,4.0,2.0,5.0,3.75,3.625,5.0
5,5dae25fc2e361800135fbd02,57f697c6733f560001b5898b,5b58be8a51ac08000194fcd4,q1,q1,q1,5.0,6.0,4.0,3.625,3.25,3.375
6,5d3067ad3c028b001782ab68,5b213220809d160001a2c36d,5c9aa9ba39138e00169a4eb6,q1,q1,q1,5.0,6.0,6.0,4.625,4.625,5.875
7,5b212164cfbf200001cfb3ad,5d07da55ac77d8001580abb4,5aad8499e1546900019aef29,q1,q1,q1,2.0,3.0,5.0,2.75,3.75,4.625
8,5c4d7aa4d3a5e30001834302,5d20e2135278fa00014814c0,5d6048d1a57d77001e8950e1,q1,q1,q1,1.0,4.0,6.0,2.0,5.0,5.5
9,5bafd12a70f8df0001be84a7,5d851419d126db0001cf0396,5db06d09b3844500159a0619,q1,q1,q1,5.0,1.0,4.0,4.75,5.375,3.875
10,5d820531b677580001847761,5c741cdd2af891001707e1e8,5dcab789be3c0f79130c7319,q1,q1,q1,6.0,6.0,5.0,5.75,5.25,4.875
11,5d84e6c5e1adea00016d2a45,5d9c8a8033801b00145a6803,5cb08b95600ba8001213,q1,q1,q1,6.0,5.0,2.0,5.125,5.0,4.0
12,5c59b060c16a6a0001c09337,5be2e7e491deed00015adcb0,5d6e3252dfe6d10001dbe508,q1,q1,q1,4.0,2.0,4.0,3.0,3.0,4.0
13,5d0a5e869b4ee500013d5575,597b0c6ed573480001404b95,5cf9a6420a472100181f587b,q1,q1,q1,4.0,3.0,5.0,3.875,4.0,5.625
14,5cbcd05c56524100013b19c0,5d20d449ebebd10001cb2740,5c6ae4c31b9d0e000190bacc,q1,q1,q1,0.0,4.0,2.0,2.375,5.125,4.125
15,5d8896bd68b5810019745311,5b745e5224dc7900017e0d3e,5d9f841f22ef1f0014f46a8e,q1,q1,q1,5.0,4.0,0.0,5.25,3.75,4.5
16,5c976a80bfb5690001eeeb84,5d540a99a620c10016640923,5a81a392190420000155d6df,q1,q1,q1,6.0,4.0,5.0,5.75,4.25,4.875
17,5d8125f63d05eb0001731115,5d7b411b16c9af0001b42540,5c1ac1c637dd01000114e36a,q1,q1,q1,2.0,5.0,5.0,3.375,4.75,5.25
18,592f1045bb4ce30001bd4fba,5728fa200802f2000f3ef195,5d5f97f4eea49d0019483080,q1,q1,q1,3.0,6.0,4.0,4.5,5.875,4.375
19,5d7df958cb6cf00001399929,5d83908c167afc00192098da,5d6c16f881a8ae00014d49d2,q1,q1,q1,6.0,6.0,4.0,6.0,5.5,5.375
20,5d893d3fc993870001ccd14e,5d697ea28572fc000126b779,5d7d78aeb7d4db001acb0da0,q1,q1,q1,6.0,6.0,4.0,5.875,5.875,4.375
21,5db29ce254945b003c8ef699,5b94df0a1aea7c00010a9668,5c51dd37c91d1100017760b8,q1,q1,q1,5.0,6.0,5.0,4.5,5.375,5.875
22,5c84014bd34170000141b8d6,5d4043f25458cb0001d164a0,5c82f678a4c44a001484dc00,q1,q1,q1,3.0,4.0,1.0,5.125,4.375,3.25
23,5ace82e135eccf0001a11c96,5d02c8fb0b54cc0019dad435,5c897696146e370001e063c9,q1,q1,q1,4.0,6.0,4.0,4.5,6.0,4.625
24,5d1cbebd56f8cf0015425d2a,5d19cf08a61758001a10f45d,5c4e7b34620ba700010c5dc6,q1,q1,q1,5.0,4.0,3.0,4.875,3.875,3.0
25,5b222aff59f9620001c109cb,5aa8890a35237b0001131ea3,5bdf91dbb32fa800012ea282,q1,q1,q1,6.0,5.0,4.0,5.0,4.375,5.375
26,5c65f80affc8240001bf6b8a,5bf70f0918430e000185be88,5cb8a8ac317b170001412c87,q1,q1,q1,5.0,4.0,5.0,5.125,2.625,5.375
27,5be385ba24f70e00018b0024,5c862845c2ceec001719a6bd,5d7f8ffae664ab001967d9d3,q1,q1,q1,4.0,5.0,6.0,3.75,5.25,5.375
28,5901cf755b40770001f29ca6,5c5c54c900b69200011bb9b2,5d3873197860c8001a106e02,q1,q1,q1,5.0,4.0,6.0,4.75,3.5,6.0
29,5c6244086937550001232ae6,578901354a84da00014c41cf,5da03c3607c83700140a3d8f,q1,q1,q1,4.0,5.0,5.0,3.5,5.25,5.625
30,5a23f9a9d6fdbc00011c9572,5c4196dae14431000107574d,5c5d821f82757f0001347ea4,q1,q1,q1,5.0,2.0,5.0,4.75,3.0,4.375
31,5b745aefcaefde0001f08744,5d4d038ec270cd001931da3e,59f8868e05d1d60001f1464d,q1,q1,q1,4.0,5.0,6.0,4.375,5.25,5.5
32,5d31b301d509220001684de5,5c5297ba1841c80001393988,5b0eedb316768100010f9023,q1,q1,q1,1.0,3.0,5.0,2.25,3.375,4.75
33,5769c881c8a90000010d9896,5d242f0f7e87460001593ce1,5cfd098ecfcee60001c251d6,q1,q1,q1,5.0,4.0,5.0,5.25,3.5,5.75
34,5d2eb5cf13d28c001ab7be8a,5932e2c8b97ad00001745487,5c13ea66afe26c00014d8f05,q1,q1,q1,1.0,3.0,0.0,3.5,3.75,1.5
35,5d4c07075736bc0018d3d811,5bef1fe8165b120001bb671e,5b5737d3afbff4000112d2f8,q1,q1,q1,2.0,4.0,6.0,4.125,4.125,5.625
36,5c52016a3146f80001d47b26,5c7c7e42f48c6d0016f6ff9d,5c6eb542045a21000126ab53,q1,q1,q1,4.0,5.0,5.0,4.125,5.25,4.25
37,5c95017e6357fb0012ef46c4,5c32116524d16c00015b106c,5d04c56a0b54cc0001dad608,q1,q1,q1,1.0,6.0,5.0,0.25,6.0,5.125
38,5d7a015cb8c68b0001449a1f,5cc319416dd042000148019e,5c676d436f250200012a04e8,q1,q1,q1,6.0,4.0,2.0,5.875,4.375,3.375
39,5d064feb2f150e001aa0287f,5d3899e31c8fb9001ca6183c,599be413e6e73e00018726a3,q1,q1,q1,5.0,4.0,2.0,5.625,5.375,2.0
40,5baa56ebb3b5400001ce6dee,5c49b156f5e26d0001479b44,5c955419bd4bd9001995fa47,q1,q1,q2,4.0,5.0,5.0,3.5,4.75,
41,59dc458f77860e000151240e,5d4254db5b2c430001418a3c,5cf91e3f1756e60017a30568,q1,q1,q2,5.0,2.0,4.0,5.375,3.125,
42,5ce19948d4b2a30018dd69a7,5b7c89c4db11320001c43c05,591a1f4800a5650001276188,q1,q2,q2,5.0,6.0,4.0,5.125,,
43,5cd168e9f651de0015a062d2,5c5d09991bca630001ea7cb5,5c4a45dda8c31a000141a752,q2,q2,q2,5.0,6.0,5.0,,,
44,5ce16d99dd4e16001971d693,5d7d75f4ea2fe40001dff5a4,5c314de6d5fc960001d2cb93,q2,q2,q2,6.0,5.0,5.0,,,
45,5c486433929dc500011c908a,5c56550e54f9d30001db7f50,5b58be8a51ac08000194fcd4,q2,q2,q2,6.0,5.0,5.0,,,
46,59ba957d3a9ab60001118fc2,598c282ccceb0f0001b39660,5c9aa9ba39138e00169a4eb6,q2,q2,q2,5.0,4.0,6.0,,,
47,5d6bbd83a9d20a0001de4c75,57f697c6733f560001b5898b,5aad8499e1546900019aef29,q2,q2,q2,4.0,6.0,4.0,,,
48,5dae25fc2e361800135fbd02,5b213220809d160001a2c36d,5d6048d1a57d77001e8950e1,q2,q2,q2,3.0,6.0,5.0,,,
49,5d3067ad3c028b001782ab68,5d07da55ac77d8001580abb4,5db06d09b3844500159a0619,q2,q2,q2,4.0,4.0,4.0,,,
50,5b212164cfbf200001cfb3ad,5d20e2135278fa00014814c0,5dcab789be3c0f79130c7319,q2,q2,q2,1.0,6.0,4.0,,,
51,5c4d7aa4d3a5e30001834302,5d851419d126db0001cf0396,5cb08b95600ba8001213,q2,q2,q2,2.0,6.0,5.0,,,
52,5bafd12a70f8df0001be84a7,5c741cdd2af891001707e1e8,5d6e3252dfe6d10001dbe508,q2,q2,q2,4.0,6.0,3.0,,,
53,5d820531b677580001847761,5d9c8a8033801b00145a6803,5cf9a6420a472100181f587b,q2,q2,q2,6.0,4.0,6.0,,,
54,5d84e6c5e1adea00016d2a45,5be2e7e491deed00015adcb0,5c6ae4c31b9d0e000190bacc,q2,q2,q2,6.0,5.0,6.0,,,
55,5c59b060c16a6a0001c09337,597b0c6ed573480001404b95,5d9f841f22ef1f0014f46a8e,q2,q2,q2,5.0,5.0,6.0,,,
56,5d0a5e869b4ee500013d5575,5d20d449ebebd10001cb2740,5a81a392190420000155d6df,q2,q2,q2,4.0,4.0,4.0,,,
57,5cbcd05c56524100013b19c0,5b745e5224dc7900017e0d3e,5c1ac1c637dd01000114e36a,q2,q2,q2,1.0,6.0,5.0,,,
58,5d8896bd68b5810019745311,5d540a99a620c10016640923,5d5f97f4eea49d0019483080,q2,q2,q2,5.0,5.0,6.0,,,
59,5c976a80bfb5690001eeeb84,5d7b411b16c9af0001b42540,5d6c16f881a8ae00014d49d2,q2,q2,q2,6.0,5.0,6.0,,,
60,5d8125f63d05eb0001731115,5728fa200802f2000f3ef195,5d7d78aeb7d4db001acb0da0,q2,q2,q2,5.0,6.0,5.0,,,
61,592f1045bb4ce30001bd4fba,5d83908c167afc00192098da,5c51dd37c91d1100017760b8,q2,q2,q2,6.0,6.0,6.0,,,
62,5d7df958cb6cf00001399929,5d697ea28572fc000126b779,5c82f678a4c44a001484dc00,q2,q2,q2,6.0,6.0,5.0,,,
63,5d893d3fc993870001ccd14e,5b94df0a1aea7c00010a9668,5c897696146e370001e063c9,q2,q2,q2,6.0,4.0,6.0,,,
64,5db29ce254945b003c8ef699,5d4043f25458cb0001d164a0,5c4e7b34620ba700010c5dc6,q2,q2,q2,3.0,5.0,2.0,,,
65,5c84014bd34170000141b8d6,5d02c8fb0b54cc0019dad435,5bdf91dbb32fa800012ea282,q2,q2,q2,5.0,6.0,5.0,,,
66,5ace82e135eccf0001a11c96,5d19cf08a61758001a10f45d,5cb8a8ac317b170001412c87,q2,q2,q2,6.0,4.0,6.0,,,
67,5d1cbebd56f8cf0015425d2a,5aa8890a35237b0001131ea3,5d7f8ffae664ab001967d9d3,q2,q2,q2,5.0,5.0,6.0,,,
68,5b222aff59f9620001c109cb,5bf70f0918430e000185be88,5d3873197860c8001a106e02,q2,q2,q2,6.0,5.0,6.0,,,
69,5c65f80affc8240001bf6b8a,5c862845c2ceec001719a6bd,5da03c3607c83700140a3d8f,q2,q2,q2,5.0,5.0,6.0,,,
70,5be385ba24f70e00018b0024,5c5c54c900b69200011bb9b2,5c5d821f82757f0001347ea4,q2,q2,q2,5.0,4.0,5.0,,,
71,5901cf755b40770001f29ca6,578901354a84da00014c41cf,59f8868e05d1d60001f1464d,q2,q2,q2,5.0,6.0,6.0,,,
72,5c6244086937550001232ae6,5c4196dae14431000107574d,5b0eedb316768100010f9023,q2,q2,q2,4.0,3.0,2.0,,,
73,5a23f9a9d6fdbc00011c9572,5d4d038ec270cd001931da3e,5cfd098ecfcee60001c251d6,q2,q2,q2,6.0,5.0,6.0,,,
74,5b745aefcaefde0001f08744,5c5297ba1841c80001393988,5c13ea66afe26c00014d8f05,q2,q2,q2,6.0,6.0,2.0,,,
75,5d31b301d509220001684de5,5d242f0f7e87460001593ce1,5b5737d3afbff4000112d2f8,q2,q2,q2,2.0,5.0,6.0,,,
76,5769c881c8a90000010d9896,5932e2c8b97ad00001745487,5c6eb542045a21000126ab53,q2,q2,q2,5.0,5.0,5.0,,,
77,5d2eb5cf13d28c001ab7be8a,5bef1fe8165b120001bb671e,5d04c56a0b54cc0001dad608,q2,q2,q2,6.0,4.0,5.0,,,
78,5d4c07075736bc0018d3d811,5c7c7e42f48c6d0016f6ff9d,5c676d436f250200012a04e8,q2,q2,q2,6.0,6.0,3.0,,,
79,5c52016a3146f80001d47b26,5c32116524d16c00015b106c,599be413e6e73e00018726a3,q2,q2,q2,5.0,6.0,1.0,,,
80,5c95017e6357fb0012ef46c4,5cc319416dd042000148019e,5c955419bd4bd9001995fa47,q2,q2,q3,1.0,6.0,4.0,,,
81,5d7a015cb8c68b0001449a1f,5d3899e31c8fb9001ca6183c,5cf91e3f1756e60017a30568,q2,q2,q3,6.0,6.0,5.0,,,
82,5d064feb2f150e001aa0287f,5c49b156f5e26d0001479b44,591a1f4800a5650001276188,q2,q2,q3,6.0,5.0,3.0,,,
83,5baa56ebb3b5400001ce6dee,5d4254db5b2c430001418a3c,5c4a45dda8c31a000141a752,q2,q2,q3,5.0,1.0,2.0,,,
84,59dc458f77860e000151240e,5b7c89c4db11320001c43c05,5c314de6d5fc960001d2cb93,q2,q3,q3,6.0,6.0,5.0,,,
85,5ce19948d4b2a30018dd69a7,5c5d09991bca630001ea7cb5,5b58be8a51ac08000194fcd4,q2,q3,q3,6.0,3.0,4.0,,,
86,5cd168e9f651de0015a062d2,5d7d75f4ea2fe40001dff5a4,5c9aa9ba39138e00169a4eb6,q3,q3,q3,5.0,5.0,6.0,,,
87,5ce16d99dd4e16001971d693,5c56550e54f9d30001db7f50,5aad8499e1546900019aef29,q3,q3,q3,6.0,5.0,3.0,,,
88,5c486433929dc500011c908a,598c282ccceb0f0001b39660,5d6048d1a57d77001e8950e1,q3,q3,q3,5.0,1.0,6.0,,,
89,59ba957d3a9ab60001118fc2,57f697c6733f560001b5898b,5db06d09b3844500159a0619,q3,q3,q3,0.0,3.0,4.0,,,
90,5d6bbd83a9d20a0001de4c75,5b213220809d160001a2c36d,5dcab789be3c0f79130c7319,q3,q3,q3,4.0,3.0,4.0,,,
91,5dae25fc2e361800135fbd02,5d07da55ac77d8001580abb4,5cb08b95600ba8001213,q3,q3,q3,5.0,1.0,5.0,,,
92,5d3067ad3c028b001782ab68,5d20e2135278fa00014814c0,5d6e3252dfe6d10001dbe508,q3,q3,q3,4.0,4.0,5.0,,,
93,5b212164cfbf200001cfb3ad,5d851419d126db0001cf0396,5cf9a6420a472100181f587b,q3,q3,q3,2.0,6.0,6.0,,,
94,5c4d7aa4d3a5e30001834302,5c741cdd2af891001707e1e8,5c6ae4c31b9d0e000190bacc,q3,q3,q3,1.0,4.0,3.0,,,
95,5bafd12a70f8df0001be84a7,5d9c8a8033801b00145a6803,5d9f841f22ef1f0014f46a8e,q3,q3,q3,5.0,4.0,6.0,,,
96,5d820531b677580001847761,5be2e7e491deed00015adcb0,5a81a392190420000155d6df,q3,q3,q3,6.0,3.0,3.0,,,
97,5d84e6c5e1adea00016d2a45,597b0c6ed573480001404b95,5c1ac1c637dd01000114e36a,q3,q3,q3,4.0,4.0,5.0,,,
98,5c59b060c16a6a0001c09337,5d20d449ebebd10001cb2740,5d5f97f4eea49d0019483080,q3,q3,q3,4.0,5.0,3.0,,,
99,5d0a5e869b4ee500013d5575,5b745e5224dc7900017e0d3e,5d6c16f881a8ae00014d49d2,q3,q3,q3,3.0,3.0,6.0,,,
100,5cbcd05c56524100013b19c0,5d540a99a620c10016640923,5d7d78aeb7d4db001acb0da0,q3,q3,q3,2.0,3.0,4.0,,,
101,5d8896bd68b5810019745311,5d7b411b16c9af0001b42540,5c51dd37c91d1100017760b8,q3,q3,q3,5.0,5.0,6.0,,,
102,5c976a80bfb5690001eeeb84,5728fa200802f2000f3ef195,5c82f678a4c44a001484dc00,q3,q3,q3,6.0,6.0,1.0,,,
103,5d8125f63d05eb0001731115,5d83908c167afc00192098da,5c897696146e370001e063c9,q3,q3,q3,3.0,5.0,1.0,,,
104,592f1045bb4ce30001bd4fba,5d697ea28572fc000126b779,5c4e7b34620ba700010c5dc6,q3,q3,q3,4.0,6.0,3.0,,,
105,5d7df958cb6cf00001399929,5b94df0a1aea7c00010a9668,5bdf91dbb32fa800012ea282,q3,q3,q3,6.0,5.0,6.0,,,
106,5d893d3fc993870001ccd14e,5d4043f25458cb0001d164a0,5cb8a8ac317b170001412c87,q3,q3,q3,6.0,4.0,4.0,,,
107,5db29ce254945b003c8ef699,5d02c8fb0b54cc0019dad435,5d7f8ffae664ab001967d9d3,q3,q3,q3,4.0,6.0,6.0,,,
108,5c84014bd34170000141b8d6,5d19cf08a61758001a10f45d,5d3873197860c8001a106e02,q3,q3,q3,6.0,3.0,6.0,,,
109,5ace82e135eccf0001a11c96,5aa8890a35237b0001131ea3,5da03c3607c83700140a3d8f,q3,q3,q3,4.0,4.0,6.0,,,
110,5d1cbebd56f8cf0015425d2a,5bf70f0918430e000185be88,5c5d821f82757f0001347ea4,q3,q3,q3,5.0,1.0,3.0,,,
111,5b222aff59f9620001c109cb,5c862845c2ceec001719a6bd,59f8868e05d1d60001f1464d,q3,q3,q3,5.0,6.0,5.0,,,
112,5c65f80affc8240001bf6b8a,5c5c54c900b69200011bb9b2,5b0eedb316768100010f9023,q3,q3,q3,4.0,2.0,5.0,,,
113,5be385ba24f70e00018b0024,578901354a84da00014c41cf,5cfd098ecfcee60001c251d6,q3,q3,q3,4.0,5.0,6.0,,,
114,5901cf755b40770001f29ca6,5c4196dae14431000107574d,5c13ea66afe26c00014d8f05,q3,q3,q3,4.0,4.0,1.0,,,
115,5c6244086937550001232ae6,5d4d038ec270cd001931da3e,5b5737d3afbff4000112d2f8,q3,q3,q3,3.0,5.0,6.0,,,
116,5a23f9a9d6fdbc00011c9572,5c5297ba1841c80001393988,5c6eb542045a21000126ab53,q3,q3,q3,5.0,0.0,4.0,,,
117,5b745aefcaefde0001f08744,5d242f0f7e87460001593ce1,5d04c56a0b54cc0001dad608,q3,q3,q3,4.0,3.0,4.0,,,
118,5d31b301d509220001684de5,5932e2c8b97ad00001745487,5c676d436f250200012a04e8,q3,q3,q3,1.0,3.0,2.0,,,
119,5769c881c8a90000010d9896,5bef1fe8165b120001bb671e,599be413e6e73e00018726a3,q3,q3,q3,5.0,5.0,1.0,,,
120,5d2eb5cf13d28c001ab7be8a,5c7c7e42f48c6d0016f6ff9d,5c955419bd4bd9001995fa47,q3,q3,q4,2.0,5.0,5.0,,,
121,5d4c07075736bc0018d3d811,5c32116524d16c00015b106c,5cf91e3f1756e60017a30568,q3,q3,q4,3.0,6.0,5.0,,,
122,5c52016a3146f80001d47b26,5cc319416dd042000148019e,591a1f4800a5650001276188,q3,q3,q4,4.0,2.0,5.0,,,
123,5c95017e6357fb0012ef46c4,5d3899e31c8fb9001ca6183c,5c4a45dda8c31a000141a752,q3,q3,q4,0.0,5.0,4.0,,,
124,5d7a015cb8c68b0001449a1f,5c49b156f5e26d0001479b44,5c314de6d5fc960001d2cb93,q3,q3,q4,6.0,5.0,6.0,,,
125,5d064feb2f150e001aa0287f,5d4254db5b2c430001418a3c,5b58be8a51ac08000194fcd4,q3,q3,q4,5.0,2.0,3.0,,,
126,5baa56ebb3b5400001ce6dee,5b7c89c4db11320001c43c05,5c9aa9ba39138e00169a4eb6,q3,q4,q4,5.0,6.0,6.0,,,
127,59dc458f77860e000151240e,5c5d09991bca630001ea7cb5,5aad8499e1546900019aef29,q3,q4,q4,4.0,3.0,5.0,,,
128,5ce19948d4b2a30018dd69a7,5d7d75f4ea2fe40001dff5a4,5d6048d1a57d77001e8950e1,q3,q4,q4,4.0,5.0,6.0,,,
129,5cd168e9f651de0015a062d2,5c56550e54f9d30001db7f50,5db06d09b3844500159a0619,q4,q4,q4,6.0,5.0,4.0,,,
130,5ce16d99dd4e16001971d693,598c282ccceb0f0001b39660,5dcab789be3c0f79130c7319,q4,q4,q4,6.0,5.0,6.0,,,
131,5c486433929dc500011c908a,57f697c6733f560001b5898b,5cb08b95600ba8001213,q4,q4,q4,6.0,4.0,5.0,,,
132,59ba957d3a9ab60001118fc2,5b213220809d160001a2c36d,5d6e3252dfe6d10001dbe508,q4,q4,q4,3.0,6.0,3.0,,,
133,5d6bbd83a9d20a0001de4c75,5d07da55ac77d8001580abb4,5cf9a6420a472100181f587b,q4,q4,q4,4.0,3.0,6.0,,,
134,5dae25fc2e361800135fbd02,5d20e2135278fa00014814c0,5c6ae4c31b9d0e000190bacc,q4,q4,q4,4.0,6.0,4.0,,,
135,5d3067ad3c028b001782ab68,5d851419d126db0001cf0396,5d9f841f22ef1f0014f46a8e,q4,q4,q4,5.0,6.0,6.0,,,
136,5b212164cfbf200001cfb3ad,5c741cdd2af891001707e1e8,5a81a392190420000155d6df,q4,q4,q4,2.0,5.0,6.0,,,
137,5c4d7aa4d3a5e30001834302,5d9c8a8033801b00145a6803,5c1ac1c637dd01000114e36a,q4,q4,q4,1.0,5.0,6.0,,,
138,5bafd12a70f8df0001be84a7,5be2e7e491deed00015adcb0,5d5f97f4eea49d0019483080,q4,q4,q4,4.0,4.0,5.0,,,
139,5d820531b677580001847761,597b0c6ed573480001404b95,5d6c16f881a8ae00014d49d2,q4,q4,q4,6.0,5.0,6.0,,,
140,5d84e6c5e1adea00016d2a45,5d20d449ebebd10001cb2740,5d7d78aeb7d4db001acb0da0,q4,q4,q4,4.0,6.0,5.0,,,
141,5c59b060c16a6a0001c09337,5b745e5224dc7900017e0d3e,5c51dd37c91d1100017760b8,q4,q4,q4,6.0,3.0,6.0,,,
142,5d0a5e869b4ee500013d5575,5d540a99a620c10016640923,5c82f678a4c44a001484dc00,q4,q4,q4,4.0,4.0,5.0,,,
143,5cbcd05c56524100013b19c0,5d7b411b16c9af0001b42540,5c897696146e370001e063c9,q4,q4,q4,4.0,5.0,5.0,,,
144,5d8896bd68b5810019745311,5728fa200802f2000f3ef195,5c4e7b34620ba700010c5dc6,q4,q4,q4,6.0,5.0,3.0,,,
145,5c976a80bfb5690001eeeb84,5d83908c167afc00192098da,5bdf91dbb32fa800012ea282,q4,q4,q4,6.0,6.0,6.0,,,
146,5d8125f63d05eb0001731115,5d697ea28572fc000126b779,5cb8a8ac317b170001412c87,q4,q4,q4,1.0,6.0,5.0,,,
147,592f1045bb4ce30001bd4fba,5b94df0a1aea7c00010a9668,5d7f8ffae664ab001967d9d3,q4,q4,q4,5.0,6.0,6.0,,,
148,5d7df958cb6cf00001399929,5d4043f25458cb0001d164a0,5d3873197860c8001a106e02,q4,q4,q4,6.0,6.0,6.0,,,
149,5d893d3fc993870001ccd14e,5d02c8fb0b54cc0019dad435,5da03c3607c83700140a3d8f,q4,q4,q4,5.0,6.0,6.0,,,
150,5db29ce254945b003c8ef699,5d19cf08a61758001a10f45d,5c5d821f82757f0001347ea4,q4,q4,q4,5.0,4.0,3.0,,,
151,5c84014bd34170000141b8d6,5aa8890a35237b0001131ea3,59f8868e05d1d60001f1464d,q4,q4,q4,6.0,5.0,6.0,,,
152,5ace82e135eccf0001a11c96,5bf70f0918430e000185be88,5b0eedb316768100010f9023,q4,q4,q4,5.0,1.0,5.0,,,
153,5d1cbebd56f8cf0015425d2a,5c862845c2ceec001719a6bd,5cfd098ecfcee60001c251d6,q4,q4,q4,5.0,5.0,6.0,,,
154,5b222aff59f9620001c109cb,5c5c54c900b69200011bb9b2,5c13ea66afe26c00014d8f05,q4,q4,q4,6.0,5.0,2.0,,,
155,5c65f80affc8240001bf6b8a,578901354a84da00014c41cf,5b5737d3afbff4000112d2f8,q4,q4,q4,5.0,5.0,6.0,,,
156,5be385ba24f70e00018b0024,5c4196dae14431000107574d,5c6eb542045a21000126ab53,q4,q4,q4,4.0,3.0,3.0,,,
157,5901cf755b40770001f29ca6,5d4d038ec270cd001931da3e,5d04c56a0b54cc0001dad608,q4,q4,q4,5.0,6.0,6.0,,,
158,5c6244086937550001232ae6,5c5297ba1841c80001393988,5c676d436f250200012a04e8,q4,q4,q4,3.0,6.0,5.0,,,
159,5a23f9a9d6fdbc00011c9572,5d242f0f7e87460001593ce1,599be413e6e73e00018726a3,q4,q4,q4,5.0,2.0,4.0,,,
160,5b745aefcaefde0001f08744,5932e2c8b97ad00001745487,5c955419bd4bd9001995fa47,q4,q4,q5,6.0,4.0,5.0,,,
161,5d31b301d509220001684de5,5bef1fe8165b120001bb671e,5cf91e3f1756e60017a30568,q4,q4,q5,3.0,6.0,5.0,,,
162,5769c881c8a90000010d9896,5c7c7e42f48c6d0016f6ff9d,591a1f4800a5650001276188,q4,q4,q5,6.0,5.0,4.0,,,
163,5d2eb5cf13d28c001ab7be8a,5c32116524d16c00015b106c,5c4a45dda8c31a000141a752,q4,q4,q5,4.0,6.0,5.0,,,
164,5d4c07075736bc0018d3d811,5cc319416dd042000148019e,5c314de6d5fc960001d2cb93,q4,q4,q5,6.0,6.0,5.0,,,
165,5c52016a3146f80001d47b26,5d3899e31c8fb9001ca6183c,5b58be8a51ac08000194fcd4,q4,q4,q5,4.0,6.0,2.0,,,
166,5c95017e6357fb0012ef46c4,5c49b156f5e26d0001479b44,5c9aa9ba39138e00169a4eb6,q4,q4,q5,0.0,6.0,6.0,,,
167,5d7a015cb8c68b0001449a1f,5d4254db5b2c430001418a3c,5aad8499e1546900019aef29,q4,q4,q5,6.0,5.0,4.0,,,
168,5d064feb2f150e001aa0287f,5b7c89c4db11320001c43c05,5d6048d1a57d77001e8950e1,q4,q5,q5,6.0,6.0,5.0,,,
169,5baa56ebb3b5400001ce6dee,5c5d09991bca630001ea7cb5,5db06d09b3844500159a0619,q4,q5,q5,4.0,4.0,3.0,,,
170,59dc458f77860e000151240e,5d7d75f4ea2fe40001dff5a4,5dcab789be3c0f79130c7319,q4,q5,q5,6.0,5.0,5.0,,,
171,5ce19948d4b2a30018dd69a7,5c56550e54f9d30001db7f50,5cb08b95600ba8001213,q4,q5,q5,4.0,4.0,3.0,,,
172,5cd168e9f651de0015a062d2,598c282ccceb0f0001b39660,5d6e3252dfe6d10001dbe508,q5,q5,q5,5.0,2.0,5.0,,,
173,5ce16d99dd4e16001971d693,57f697c6733f560001b5898b,5cf9a6420a472100181f587b,q5,q5,q5,6.0,3.0,6.0,,,
174,5c486433929dc500011c908a,5b213220809d160001a2c36d,5c6ae4c31b9d0e000190bacc,q5,q5,q5,5.0,5.0,5.0,,,
175,59ba957d3a9ab60001118fc2,5d07da55ac77d8001580abb4,5d9f841f22ef1f0014f46a8e,q5,q5,q5,0.0,6.0,6.0,,,
176,5d6bbd83a9d20a0001de4c75,5d20e2135278fa00014814c0,5a81a392190420000155d6df,q5,q5,q5,4.0,5.0,6.0,,,
177,5dae25fc2e361800135fbd02,5d851419d126db0001cf0396,5c1ac1c637dd01000114e36a,q5,q5,q5,2.0,6.0,5.0,,,
178,5d3067ad3c028b001782ab68,5c741cdd2af891001707e1e8,5d5f97f4eea49d0019483080,q5,q5,q5,5.0,4.0,4.0,,,
179,5b212164cfbf200001cfb3ad,5d9c8a8033801b00145a6803,5d6c16f881a8ae00014d49d2,q5,q5,q5,2.0,6.0,5.0,,,
180,5c4d7aa4d3a5e30001834302,5be2e7e491deed00015adcb0,5d7d78aeb7d4db001acb0da0,q5,q5,q5,3.0,2.0,5.0,,,
181,5bafd12a70f8df0001be84a7,597b0c6ed573480001404b95,5c51dd37c91d1100017760b8,q5,q5,q5,5.0,3.0,6.0,,,
182,5d820531b677580001847761,5d20d449ebebd10001cb2740,5c82f678a4c44a001484dc00,q5,q5,q5,6.0,6.0,4.0,,,
183,5d84e6c5e1adea00016d2a45,5b745e5224dc7900017e0d3e,5c897696146e370001e063c9,q5,q5,q5,6.0,4.0,5.0,,,
184,5c59b060c16a6a0001c09337,5d540a99a620c10016640923,5c4e7b34620ba700010c5dc6,q5,q5,q5,1.0,5.0,3.0,,,
185,5d0a5e869b4ee500013d5575,5d7b411b16c9af0001b42540,5bdf91dbb32fa800012ea282,q5,q5,q5,4.0,4.0,6.0,,,
186,5cbcd05c56524100013b19c0,5728fa200802f2000f3ef195,5cb8a8ac317b170001412c87,q5,q5,q5,4.0,6.0,6.0,,,
187,5d8896bd68b5810019745311,5d83908c167afc00192098da,5d7f8ffae664ab001967d9d3,q5,q5,q5,5.0,5.0,4.0,,,
188,5c976a80bfb5690001eeeb84,5d697ea28572fc000126b779,5d3873197860c8001a106e02,q5,q5,q5,6.0,6.0,6.0,,,
189,5d8125f63d05eb0001731115,5b94df0a1aea7c00010a9668,5da03c3607c83700140a3d8f,q5,q5,q5,4.0,5.0,5.0,,,
190,592f1045bb4ce30001bd4fba,5d4043f25458cb0001d164a0,5c5d821f82757f0001347ea4,q5,q5,q5,5.0,5.0,4.0,,,
191,5d7df958cb6cf00001399929,5d02c8fb0b54cc0019dad435,59f8868e05d1d60001f1464d,q5,q5,q5,6.0,6.0,5.0,,,
192,5d893d3fc993870001ccd14e,5d19cf08a61758001a10f45d,5b0eedb316768100010f9023,q5,q5,q5,6.0,4.0,5.0,,,
193,5db29ce254945b003c8ef699,5aa8890a35237b0001131ea3,5cfd098ecfcee60001c251d6,q5,q5,q5,4.0,5.0,6.0,,,
194,5c84014bd34170000141b8d6,5bf70f0918430e000185be88,5c13ea66afe26c00014d8f05,q5,q5,q5,5.0,2.0,3.0,,,
195,5ace82e135eccf0001a11c96,5c862845c2ceec001719a6bd,5b5737d3afbff4000112d2f8,q5,q5,q5,4.0,6.0,6.0,,,
196,5d1cbebd56f8cf0015425d2a,5c5c54c900b69200011bb9b2,5c6eb542045a21000126ab53,q5,q5,q5,5.0,4.0,5.0,,,
197,5b222aff59f9620001c109cb,578901354a84da00014c41cf,5d04c56a0b54cc0001dad608,q5,q5,q5,5.0,6.0,5.0,,,
198,5c65f80affc8240001bf6b8a,5c4196dae14431000107574d,5c676d436f250200012a04e8,q5,q5,q5,5.0,5.0,5.0,,,
199,5be385ba24f70e00018b0024,5d4d038ec270cd001931da3e,599be413e6e73e00018726a3,q5,q5,q5,2.0,5.0,4.0,,,
200,5901cf755b40770001f29ca6,5c5297ba1841c80001393988,5c955419bd4bd9001995fa47,q5,q5,q6,5.0,0.0,5.0,,,
201,5c6244086937550001232ae6,5d242f0f7e87460001593ce1,5cf91e3f1756e60017a30568,q5,q5,q6,3.0,4.0,6.0,,,
202,5a23f9a9d6fdbc00011c9572,5932e2c8b97ad00001745487,591a1f4800a5650001276188,q5,q5,q6,6.0,4.0,6.0,,,
203,5b745aefcaefde0001f08744,5bef1fe8165b120001bb671e,5c4a45dda8c31a000141a752,q5,q5,q6,4.0,4.0,5.0,,,
204,5d31b301d509220001684de5,5c7c7e42f48c6d0016f6ff9d,5c314de6d5fc960001d2cb93,q5,q5,q6,2.0,5.0,6.0,,,
205,5769c881c8a90000010d9896,5c32116524d16c00015b106c,5b58be8a51ac08000194fcd4,q5,q5,q6,6.0,6.0,5.0,,,
206,5d2eb5cf13d28c001ab7be8a,5cc319416dd042000148019e,5c9aa9ba39138e00169a4eb6,q5,q5,q6,4.0,4.0,6.0,,,
207,5d4c07075736bc0018d3d811,5d3899e31c8fb9001ca6183c,5aad8499e1546900019aef29,q5,q5,q6,3.0,6.0,6.0,,,
208,5c52016a3146f80001d47b26,5c49b156f5e26d0001479b44,5d6048d1a57d77001e8950e1,q5,q5,q6,4.0,5.0,5.0,,,
209,5c95017e6357fb0012ef46c4,5d4254db5b2c430001418a3c,5db06d09b3844500159a0619,q5,q5,q6,0.0,2.0,5.0,,,
210,5d7a015cb8c68b0001449a1f,5b7c89c4db11320001c43c05,5dcab789be3c0f79130c7319,q5,q6,q6,6.0,6.0,6.0,,,
211,5d064feb2f150e001aa0287f,5c5d09991bca630001ea7cb5,5cb08b95600ba8001213,q5,q6,q6,6.0,5.0,5.0,,,
212,5baa56ebb3b5400001ce6dee,5d7d75f4ea2fe40001dff5a4,5d6e3252dfe6d10001dbe508,q5,q6,q6,2.0,6.0,5.0,,,
213,59dc458f77860e000151240e,5c56550e54f9d30001db7f50,5cf9a6420a472100181f587b,q5,q6,q6,5.0,4.0,6.0,,,
214,5ce19948d4b2a30018dd69a7,598c282ccceb0f0001b39660,5c6ae4c31b9d0e000190bacc,q5,q6,q6,6.0,6.0,6.0,,,
215,5cd168e9f651de0015a062d2,57f697c6733f560001b5898b,5d9f841f22ef1f0014f46a8e,q6,q6,q6,5.0,3.0,6.0,,,
216,5ce16d99dd4e16001971d693,5b213220809d160001a2c36d,5a81a392190420000155d6df,q6,q6,q6,6.0,5.0,5.0,,,
217,5c486433929dc500011c908a,5d07da55ac77d8001580abb4,5c1ac1c637dd01000114e36a,q6,q6,q6,5.0,6.0,6.0,,,
218,59ba957d3a9ab60001118fc2,5d20e2135278fa00014814c0,5d5f97f4eea49d0019483080,q6,q6,q6,3.0,6.0,6.0,,,
219,5d6bbd83a9d20a0001de4c75,5d851419d126db0001cf0396,5d6c16f881a8ae00014d49d2,q6,q6,q6,4.0,6.0,6.0,,,
220,5dae25fc2e361800135fbd02,5c741cdd2af891001707e1e8,5d7d78aeb7d4db001acb0da0,q6,q6,q6,5.0,6.0,6.0,,,
221,5d3067ad3c028b001782ab68,5d9c8a8033801b00145a6803,5c51dd37c91d1100017760b8,q6,q6,q6,5.0,6.0,6.0,,,
222,5b212164cfbf200001cfb3ad,5be2e7e491deed00015adcb0,5c82f678a4c44a001484dc00,q6,q6,q6,5.0,4.0,5.0,,,
223,5c4d7aa4d3a5e30001834302,597b0c6ed573480001404b95,5c897696146e370001e063c9,q6,q6,q6,4.0,6.0,6.0,,,
224,5bafd12a70f8df0001be84a7,5d20d449ebebd10001cb2740,5c4e7b34620ba700010c5dc6,q6,q6,q6,6.0,6.0,3.0,,,
225,5d820531b677580001847761,5b745e5224dc7900017e0d3e,5bdf91dbb32fa800012ea282,q6,q6,q6,6.0,6.0,6.0,,,
226,5d84e6c5e1adea00016d2a45,5d540a99a620c10016640923,5cb8a8ac317b170001412c87,q6,q6,q6,6.0,5.0,6.0,,,
227,5c59b060c16a6a0001c09337,5d7b411b16c9af0001b42540,5d7f8ffae664ab001967d9d3,q6,q6,q6,3.0,4.0,6.0,,,
228,5d0a5e869b4ee500013d5575,5728fa200802f2000f3ef195,5d3873197860c8001a106e02,q6,q6,q6,4.0,6.0,6.0,,,
229,5cbcd05c56524100013b19c0,5d83908c167afc00192098da,5da03c3607c83700140a3d8f,q6,q6,q6,5.0,6.0,6.0,,,
230,5d8896bd68b5810019745311,5d697ea28572fc000126b779,5c5d821f82757f0001347ea4,q6,q6,q6,6.0,6.0,5.0,,,
231,5c976a80bfb5690001eeeb84,5b94df0a1aea7c00010a9668,59f8868e05d1d60001f1464d,q6,q6,q6,6.0,6.0,6.0,,,
232,5d8125f63d05eb0001731115,5d4043f25458cb0001d164a0,5b0eedb316768100010f9023,q6,q6,q6,5.0,5.0,6.0,,,
233,592f1045bb4ce30001bd4fba,5d02c8fb0b54cc0019dad435,5cfd098ecfcee60001c251d6,q6,q6,q6,5.0,6.0,6.0,,,
234,5d7df958cb6cf00001399929,5d19cf08a61758001a10f45d,5c13ea66afe26c00014d8f05,q6,q6,q6,6.0,4.0,2.0,,,
235,5d893d3fc993870001ccd14e,5aa8890a35237b0001131ea3,5b5737d3afbff4000112d2f8,q6,q6,q6,6.0,5.0,6.0,,,
236,5db29ce254945b003c8ef699,5bf70f0918430e000185be88,5c6eb542045a21000126ab53,q6,q6,q6,5.0,2.0,6.0,,,
237,5c84014bd34170000141b8d6,5c862845c2ceec001719a6bd,5d04c56a0b54cc0001dad608,q6,q6,q6,5.0,6.0,6.0,,,
238,5ace82e135eccf0001a11c96,5c5c54c900b69200011bb9b2,5c676d436f250200012a04e8,q6,q6,q6,5.0,5.0,5.0,,,
239,5d1cbebd56f8cf0015425d2a,578901354a84da00014c41cf,599be413e6e73e00018726a3,q6,q6,q6,5.0,5.0,4.0,,,
240,5b222aff59f9620001c109cb,5c4196dae14431000107574d,5c955419bd4bd9001995fa47,q6,q6,q7,5.0,5.0,1.0,,,
241,5c65f80affc8240001bf6b8a,5d4d038ec270cd001931da3e,5cf91e3f1756e60017a30568,q6,q6,q7,6.0,6.0,4.0,,,
242,5be385ba24f70e00018b0024,5c5297ba1841c80001393988,591a1f4800a5650001276188,q6,q6,q7,4.0,6.0,3.0,,,
243,5901cf755b40770001f29ca6,5d242f0f7e87460001593ce1,5c4a45dda8c31a000141a752,q6,q6,q7,6.0,5.0,1.0,,,
244,5c6244086937550001232ae6,5932e2c8b97ad00001745487,5c314de6d5fc960001d2cb93,q6,q6,q7,3.0,5.0,4.0,,,
245,5a23f9a9d6fdbc00011c9572,5bef1fe8165b120001bb671e,5b58be8a51ac08000194fcd4,q6,q6,q7,5.0,5.0,2.0,,,
246,5b745aefcaefde0001f08744,5c7c7e42f48c6d0016f6ff9d,5c9aa9ba39138e00169a4eb6,q6,q6,q7,6.0,6.0,5.0,,,
247,5d31b301d509220001684de5,5c32116524d16c00015b106c,5aad8499e1546900019aef29,q6,q6,q7,4.0,6.0,5.0,,,
248,5769c881c8a90000010d9896,5cc319416dd042000148019e,5d6048d1a57d77001e8950e1,q6,q6,q7,6.0,6.0,5.0,,,
249,5d2eb5cf13d28c001ab7be8a,5d3899e31c8fb9001ca6183c,5db06d09b3844500159a0619,q6,q6,q7,4.0,6.0,3.0,,,
250,5d4c07075736bc0018d3d811,5c49b156f5e26d0001479b44,5dcab789be3c0f79130c7319,q6,q6,q7,5.0,5.0,5.0,,,
251,5c52016a3146f80001d47b26,5d4254db5b2c430001418a3c,5cb08b95600ba8001213,q6,q6,q7,4.0,6.0,3.0,,,
252,5c95017e6357fb0012ef46c4,5b7c89c4db11320001c43c05,5d6e3252dfe6d10001dbe508,q6,q7,q7,0.0,6.0,4.0,,,
253,5d7a015cb8c68b0001449a1f,5c5d09991bca630001ea7cb5,5cf9a6420a472100181f587b,q6,q7,q7,6.0,3.0,5.0,,,
254,5d064feb2f150e001aa0287f,5d7d75f4ea2fe40001dff5a4,5c6ae4c31b9d0e000190bacc,q6,q7,q7,6.0,5.0,3.0,,,
255,5baa56ebb3b5400001ce6dee,5c56550e54f9d30001db7f50,5d9f841f22ef1f0014f46a8e,q6,q7,q7,3.0,5.0,4.0,,,
256,59dc458f77860e000151240e,598c282ccceb0f0001b39660,5a81a392190420000155d6df,q6,q7,q7,6.0,3.0,6.0,,,
257,5ce19948d4b2a30018dd69a7,57f697c6733f560001b5898b,5c1ac1c637dd01000114e36a,q6,q7,q7,6.0,0.0,5.0,,,
258,5cd168e9f651de0015a062d2,5b213220809d160001a2c36d,5d5f97f4eea49d0019483080,q7,q7,q7,5.0,3.0,5.0,,,
259,5ce16d99dd4e16001971d693,5d07da55ac77d8001580abb4,5d6c16f881a8ae00014d49d2,q7,q7,q7,6.0,3.0,5.0,,,
260,5c486433929dc500011c908a,5d20e2135278fa00014814c0,5d7d78aeb7d4db001acb0da0,q7,q7,q7,4.0,3.0,3.0,,,
261,59ba957d3a9ab60001118fc2,5d851419d126db0001cf0396,5c51dd37c91d1100017760b8,q7,q7,q7,0.0,6.0,6.0,,,
262,5d6bbd83a9d20a0001de4c75,5c741cdd2af891001707e1e8,5c82f678a4c44a001484dc00,q7,q7,q7,4.0,5.0,2.0,,,
263,5dae25fc2e361800135fbd02,5d9c8a8033801b00145a6803,5c897696146e370001e063c9,q7,q7,q7,4.0,4.0,4.0,,,
264,5d3067ad3c028b001782ab68,5be2e7e491deed00015adcb0,5c4e7b34620ba700010c5dc6,q7,q7,q7,4.0,2.0,4.0,,,
265,5b212164cfbf200001cfb3ad,597b0c6ed573480001404b95,5bdf91dbb32fa800012ea282,q7,q7,q7,4.0,3.0,6.0,,,
266,5c4d7aa4d3a5e30001834302,5d20d449ebebd10001cb2740,5cb8a8ac317b170001412c87,q7,q7,q7,2.0,5.0,5.0,,,
267,5bafd12a70f8df0001be84a7,5b745e5224dc7900017e0d3e,5d7f8ffae664ab001967d9d3,q7,q7,q7,4.0,1.0,4.0,,,
268,5d820531b677580001847761,5d540a99a620c10016640923,5d3873197860c8001a106e02,q7,q7,q7,5.0,3.0,6.0,,,
269,5d84e6c5e1adea00016d2a45,5d7b411b16c9af0001b42540,5da03c3607c83700140a3d8f,q7,q7,q7,5.0,5.0,5.0,,,
270,5c59b060c16a6a0001c09337,5728fa200802f2000f3ef195,5c5d821f82757f0001347ea4,q7,q7,q7,1.0,6.0,4.0,,,
271,5d0a5e869b4ee500013d5575,5d83908c167afc00192098da,59f8868e05d1d60001f1464d,q7,q7,q7,4.0,4.0,5.0,,,
272,5cbcd05c56524100013b19c0,5d697ea28572fc000126b779,5b0eedb316768100010f9023,q7,q7,q7,2.0,6.0,5.0,,,
273,5d8896bd68b5810019745311,5b94df0a1aea7c00010a9668,5cfd098ecfcee60001c251d6,q7,q7,q7,5.0,5.0,5.0,,,
274,5c976a80bfb5690001eeeb84,5d4043f25458cb0001d164a0,5c13ea66afe26c00014d8f05,q7,q7,q7,4.0,4.0,1.0,,,
275,5d8125f63d05eb0001731115,5d02c8fb0b54cc0019dad435,5b5737d3afbff4000112d2f8,q7,q7,q7,3.0,6.0,3.0,,,
276,592f1045bb4ce30001bd4fba,5d19cf08a61758001a10f45d,5c6eb542045a21000126ab53,q7,q7,q7,3.0,4.0,3.0,,,
277,5d7df958cb6cf00001399929,5aa8890a35237b0001131ea3,5d04c56a0b54cc0001dad608,q7,q7,q7,6.0,4.0,4.0,,,
278,5d893d3fc993870001ccd14e,5bf70f0918430e000185be88,5c676d436f250200012a04e8,q7,q7,q7,6.0,3.0,3.0,,,
279,5db29ce254945b003c8ef699,5c862845c2ceec001719a6bd,599be413e6e73e00018726a3,q7,q7,q7,4.0,4.0,0.0,,,
280,5c84014bd34170000141b8d6,5c5c54c900b69200011bb9b2,5c955419bd4bd9001995fa47,q7,q7,q8_r,5.0,3.0,5.0,,,
281,5ace82e135eccf0001a11c96,578901354a84da00014c41cf,5cf91e3f1756e60017a30568,q7,q7,q8_r,4.0,4.0,5.0,,,
282,5d1cbebd56f8cf0015425d2a,5c4196dae14431000107574d,591a1f4800a5650001276188,q7,q7,q8_r,5.0,1.0,3.0,,,
283,5b222aff59f9620001c109cb,5d4d038ec270cd001931da3e,5c4a45dda8c31a000141a752,q7,q7,q8_r,4.0,5.0,2.0,,,
284,5c65f80affc8240001bf6b8a,5c5297ba1841c80001393988,5c314de6d5fc960001d2cb93,q7,q7,q8_r,6.0,6.0,4.0,,,
285,5be385ba24f70e00018b0024,5d242f0f7e87460001593ce1,5b58be8a51ac08000194fcd4,q7,q7,q8_r,3.0,3.0,2.0,,,
286,5901cf755b40770001f29ca6,5932e2c8b97ad00001745487,5c9aa9ba39138e00169a4eb6,q7,q7,q8_r,4.0,3.0,6.0,,,
287,5c6244086937550001232ae6,5bef1fe8165b120001bb671e,5aad8499e1546900019aef29,q7,q7,q8_r,3.0,2.0,5.0,,,
288,5a23f9a9d6fdbc00011c9572,5c7c7e42f48c6d0016f6ff9d,5d6048d1a57d77001e8950e1,q7,q7,q8_r,4.0,5.0,6.0,,,
289,5b745aefcaefde0001f08744,5c32116524d16c00015b106c,5db06d09b3844500159a0619,q7,q7,q8_r,3.0,6.0,4.0,,,
290,5d31b301d509220001684de5,5cc319416dd042000148019e,5dcab789be3c0f79130c7319,q7,q7,q8_r,1.0,3.0,4.0,,,
291,5769c881c8a90000010d9896,5d3899e31c8fb9001ca6183c,5cb08b95600ba8001213,q7,q7,q8_r,6.0,5.0,4.0,,,
292,5d2eb5cf13d28c001ab7be8a,5c49b156f5e26d0001479b44,5d6e3252dfe6d10001dbe508,q7,q7,q8_r,3.0,3.0,3.0,,,
293,5d4c07075736bc0018d3d811,5d4254db5b2c430001418a3c,5cf9a6420a472100181f587b,q7,q7,q8_r,4.0,3.0,5.0,,,
294,5c52016a3146f80001d47b26,5b7c89c4db11320001c43c05,5c6ae4c31b9d0e000190bacc,q7,q8_r,q8_r,4.0,5.0,4.0,,,
295,5c95017e6357fb0012ef46c4,5c5d09991bca630001ea7cb5,5d9f841f22ef1f0014f46a8e,q7,q8_r,q8_r,0.0,3.0,2.0,,,
296,5d7a015cb8c68b0001449a1f,5d7d75f4ea2fe40001dff5a4,5a81a392190420000155d6df,q7,q8_r,q8_r,5.0,6.0,4.0,,,
297,5d064feb2f150e001aa0287f,5c56550e54f9d30001db7f50,5c1ac1c637dd01000114e36a,q7,q8_r,q8_r,5.0,4.0,5.0,,,
298,5baa56ebb3b5400001ce6dee,598c282ccceb0f0001b39660,5d5f97f4eea49d0019483080,q7,q8_r,q8_r,2.0,6.0,2.0,,,
299,59dc458f77860e000151240e,57f697c6733f560001b5898b,5d6c16f881a8ae00014d49d2,q7,q8_r,q8_r,5.0,1.0,5.0,,,
300,5ce19948d4b2a30018dd69a7,5b213220809d160001a2c36d,5d7d78aeb7d4db001acb0da0,q7,q8_r,q8_r,5.0,3.0,3.0,,,
301,5cd168e9f651de0015a062d2,5d07da55ac77d8001580abb4,5c51dd37c91d1100017760b8,q8_r,q8_r,q8_r,4.0,4.0,6.0,,,
302,5ce16d99dd4e16001971d693,5d20e2135278fa00014814c0,5c82f678a4c44a001484dc00,q8_r,q8_r,q8_r,6.0,6.0,3.0,,,
303,5c486433929dc500011c908a,5d851419d126db0001cf0396,5c897696146e370001e063c9,q8_r,q8_r,q8_r,6.0,6.0,6.0,,,
304,59ba957d3a9ab60001118fc2,5c741cdd2af891001707e1e8,5c4e7b34620ba700010c5dc6,q8_r,q8_r,q8_r,6.0,6.0,3.0,,,
305,5d6bbd83a9d20a0001de4c75,5d9c8a8033801b00145a6803,5bdf91dbb32fa800012ea282,q8_r,q8_r,q8_r,2.0,6.0,4.0,,,
306,5dae25fc2e361800135fbd02,5be2e7e491deed00015adcb0,5cb8a8ac317b170001412c87,q8_r,q8_r,q8_r,1.0,2.0,6.0,,,
307,5d3067ad3c028b001782ab68,597b0c6ed573480001404b95,5d7f8ffae664ab001967d9d3,q8_r,q8_r,q8_r,5.0,3.0,5.0,,,
308,5b212164cfbf200001cfb3ad,5d20d449ebebd10001cb2740,5d3873197860c8001a106e02,q8_r,q8_r,q8_r,4.0,5.0,6.0,,,
309,5c4d7aa4d3a5e30001834302,5b745e5224dc7900017e0d3e,5da03c3607c83700140a3d8f,q8_r,q8_r,q8_r,2.0,3.0,6.0,,,
310,5bafd12a70f8df0001be84a7,5d540a99a620c10016640923,5c5d821f82757f0001347ea4,q8_r,q8_r,q8_r,5.0,5.0,6.0,,,
311,5d820531b677580001847761,5d7b411b16c9af0001b42540,59f8868e05d1d60001f1464d,q8_r,q8_r,q8_r,5.0,5.0,5.0,,,
312,5d84e6c5e1adea00016d2a45,5728fa200802f2000f3ef195,5b0eedb316768100010f9023,q8_r,q8_r,q8_r,4.0,6.0,5.0,,,
313,5c59b060c16a6a0001c09337,5d83908c167afc00192098da,5cfd098ecfcee60001c251d6,q8_r,q8_r,q8_r,0.0,6.0,6.0,,,
314,5d0a5e869b4ee500013d5575,5d697ea28572fc000126b779,5c13ea66afe26c00014d8f05,q8_r,q8_r,q8_r,4.0,5.0,1.0,,,
315,5cbcd05c56524100013b19c0,5b94df0a1aea7c00010a9668,5b5737d3afbff4000112d2f8,q8_r,q8_r,q8_r,1.0,6.0,6.0,,,
316,5d8896bd68b5810019745311,5d4043f25458cb0001d164a0,5c6eb542045a21000126ab53,q8_r,q8_r,q8_r,5.0,2.0,3.0,,,
317,5c976a80bfb5690001eeeb84,5d02c8fb0b54cc0019dad435,5d04c56a0b54cc0001dad608,q8_r,q8_r,q8_r,6.0,6.0,6.0,,,
318,5d8125f63d05eb0001731115,5d19cf08a61758001a10f45d,5c676d436f250200012a04e8,q8_r,q8_r,q8_r,4.0,4.0,2.0,,,
319,592f1045bb4ce30001bd4fba,5aa8890a35237b0001131ea3,599be413e6e73e00018726a3,q8_r,q8_r,q8_r,5.0,2.0,0.0,,,
320,5d7df958cb6cf00001399929,5bf70f0918430e000185be88,,q8_r,q8_r,,6.0,3.0,,,,
321,5d893d3fc993870001ccd14e,5c862845c2ceec001719a6bd,,q8_r,q8_r,,6.0,5.0,,,,
322,5db29ce254945b003c8ef699,5c5c54c900b69200011bb9b2,,q8_r,q8_r,,6.0,1.0,,,,
323,5c84014bd34170000141b8d6,578901354a84da00014c41cf,,q8_r,q8_r,,6.0,6.0,,,,
324,5ace82e135eccf0001a11c96,5c4196dae14431000107574d,,q8_r,q8_r,,4.0,1.0,,,,
325,5d1cbebd56f8cf0015425d2a,5d4d038ec270cd001931da3e,,q8_r,q8_r,,4.0,5.0,,,,
326,5b222aff59f9620001c109cb,5c5297ba1841c80001393988,,q8_r,q8_r,,3.0,0.0,,,,
327,5c65f80affc8240001bf6b8a,5d242f0f7e87460001593ce1,,q8_r,q8_r,,5.0,2.0,,,,
328,5be385ba24f70e00018b0024,5932e2c8b97ad00001745487,,q8_r,q8_r,,4.0,3.0,,,,
329,5901cf755b40770001f29ca6,5bef1fe8165b120001bb671e,,q8_r,q8_r,,4.0,3.0,,,,
330,5c6244086937550001232ae6,5c7c7e42f48c6d0016f6ff9d,,q8_r,q8_r,,5.0,5.0,,,,
331,5a23f9a9d6fdbc00011c9572,5c32116524d16c00015b106c,,q8_r,q8_r,,2.0,6.0,,,,
332,5b745aefcaefde0001f08744,5cc319416dd042000148019e,,q8_r,q8_r,,2.0,4.0,,,,
333,5d31b301d509220001684de5,5d3899e31c8fb9001ca6183c,,q8_r,q8_r,,4.0,5.0,,,,
334,5769c881c8a90000010d9896,5c49b156f5e26d0001479b44,,q8_r,q8_r,,3.0,4.0,,,,
335,5d2eb5cf13d28c001ab7be8a,5d4254db5b2c430001418a3c,,q8_r,q8_r,,4.0,4.0,,,,
336,5d4c07075736bc0018d3d811,,,q8_r,,,4.0,,,,,
337,5c52016a3146f80001d47b26,,,q8_r,,,4.0,,,,,
338,5c95017e6357fb0012ef46c4,,,q8_r,,,0.0,,,,,
339,5d7a015cb8c68b0001449a1f,,,q8_r,,,6.0,,,,,
340,5d064feb2f150e001aa0287f,,,q8_r,,,6.0,,,,,
341,5baa56ebb3b5400001ce6dee,,,q8_r,,,3.0,,,,,
342,59dc458f77860e000151240e,,,q8_r,,,6.0,,,,,
343,5ce19948d4b2a30018dd69a7,,,q8_r,,,5.0,,,,,
